a: 1048659.47918428
b: -1838.691939